set title "Comparaison des temps de recherche par TITRE"
set xlabel "Nbr livre"
set ylabel "Temps de recherche (s)"
plot "compareSearchByTitle.txt" using 1:2 title "ListeChainée_(_p_r_e_s_e_n_t_)_" with lines lc rgb "red" lw 1.2
set term png
set output "searchByTitle.png"
replot "compareSearchByTitle.txt" using 1:3 title "ListeChainée_(_a_b_s_e_n_t_)_" with lines lc rgb "orange" lw 1.2 ,"compareSearchByTitle.txt" using 1:4 title "TableHash_(_p_r_e_s_e_n_t_)_" with lines lc rgb "blue" lw 1.2 ,"compareSearchByTitle.txt" using 1:5 title "TableHash_(_a_b_s_e_n_t_)_" with lines lc rgb "green" lw 1.2
1000,	0.000004,	0.000004,	0.000005,	0.000008
2000,	0.000009,	0.000008,	0.000010,	0.000019
3000,	0.000015,	0.000014,	0.000018,	0.000032
4000,	0.000022,	0.000022,	0.000026,	0.000047
5000,	0.000034,	0.000034,	0.000034,	0.000061
6000,	0.000037,	0.000037,	0.000041,	0.000079
7000,	0.000049,	0.000050,	0.000054,	0.000094
8000,	0.000064,	0.000060,	0.000058,	0.000124
9000,	0.000065,	0.000065,	0.000063,	0.000124
10000,	0.000075,	0.000075,	0.000069,	0.000135
11000,	0.000082,	0.000082,	0.000077,	0.000150
12000,	0.000092,	0.000097,	0.000084,	0.000163
13000,	0.000105,	0.000112,	0.000098,	0.000181
14000,	0.000114,	0.000114,	0.000101,	0.000198
15000,	0.000126,	0.000122,	0.000107,	0.000209
16000,	0.000134,	0.000134,	0.000122,	0.000234
17000,	0.000143,	0.000146,	0.000122,	0.000238
18000,	0.000159,	0.000161,	0.000150,	0.000264
19000,	0.000176,	0.000176,	0.000137,	0.000273
20000,	0.000173,	0.000173,	0.000145,	0.000283
21000,	0.000183,	0.000180,	0.000153,	0.000297
22000,	0.000196,	0.000193,	0.000159,	0.000311
23000,	0.000211,	0.000208,	0.000169,	0.000337
24000,	0.000240,	0.000217,	0.000195,	0.000364
25000,	0.000234,	0.000231,	0.000187,	0.000360
26000,	0.000235,	0.000231,	0.000187,	0.000368
27000,	0.000255,	0.000258,	0.000203,	0.000400
28000,	0.000323,	0.000271,	0.000218,	0.000462
29000,	0.000285,	0.000276,	0.000228,	0.000455
30000,	0.000285,	0.000277,	0.000230,	0.000456
31000,	0.000309,	0.000297,	0.000251,	0.000517
32000,	0.000314,	0.000300,	0.000247,	0.000506
33000,	0.000332,	0.000318,	0.000269,	0.000547
34000,	0.000344,	0.000323,	0.000265,	0.000565
35000,	0.000364,	0.000342,	0.000284,	0.000580
36000,	0.000425,	0.000396,	0.000332,	0.000702
37000,	0.000456,	0.000411,	0.000348,	0.000728
38000,	0.000560,	0.000498,	0.000366,	0.000843
39000,	0.000463,	0.000431,	0.000352,	0.000742
40000,	0.000496,	0.000460,	0.000383,	0.000815
41000,	0.000631,	0.000577,	0.000511,	0.000910
42000,	0.000675,	0.000632,	0.000564,	0.001002
43000,	0.000550,	0.000510,	0.000432,	0.000923
44000,	0.000645,	0.000597,	0.000484,	0.001031
45000,	0.000609,	0.000559,	0.000469,	0.001013
46000,	0.000659,	0.000594,	0.000504,	0.001036
47000,	0.000790,	0.000745,	0.000603,	0.001285
48000,	0.000818,	0.000705,	0.000642,	0.001313
49000,	0.000794,	0.000710,	0.000598,	0.001222
50000,	0.000846,	0.000770,	0.000664,	0.001294
