set title "Comparaison des temps de recherche par NUMERO"
set xlabel "Nbr livre"
set ylabel "Temps de recherche (s)"
plot "compareSearchByNum.txt" using 1:2 title "ListeChainée_(_p_r_e_s_e_n_t_)_" with lines lc rgb "red" lw 1.2
set term png
set output "searchByNum.png"
replot "compareSearchByNum.txt" using 1:3 title "ListeChainée_(_a_b_s_e_n_t_)_" with lines lc rgb "orange" lw 1.2 ,"compareSearchByNum.txt" using 1:4 title "TableHash_(_p_r_e_s_e_n_t_)_" with lines lc rgb "blue" lw 1.2 ,"compareSearchByNum.txt" using 1:5 title "TableHash_(_a_b_s_e_n_t_)_" with lines lc rgb "green" lw 1.2
1000,	0.000004,	0.000004,	0.000004,	0.000007
2000,	0.000008,	0.000008,	0.000010,	0.000018
3000,	0.000014,	0.000015,	0.000018,	0.000030
4000,	0.000022,	0.000022,	0.000024,	0.000045
5000,	0.000030,	0.000030,	0.000032,	0.000061
6000,	0.000038,	0.000037,	0.000041,	0.000076
7000,	0.000050,	0.000046,	0.000047,	0.000089
8000,	0.000058,	0.000067,	0.000064,	0.000114
9000,	0.000065,	0.000067,	0.000072,	0.000126
10000,	0.000075,	0.000075,	0.000068,	0.000133
11000,	0.000082,	0.000083,	0.000076,	0.000148
12000,	0.000092,	0.000092,	0.000087,	0.000162
13000,	0.000109,	0.000110,	0.000094,	0.000187
14000,	0.000115,	0.000114,	0.000101,	0.000197
15000,	0.000123,	0.000121,	0.000107,	0.000210
16000,	0.000139,	0.000134,	0.000116,	0.000227
17000,	0.000144,	0.000141,	0.000125,	0.000241
18000,	0.000153,	0.000161,	0.000136,	0.000259
19000,	0.000168,	0.000163,	0.000142,	0.000283
20000,	0.000178,	0.000175,	0.000152,	0.000287
21000,	0.000187,	0.000181,	0.000155,	0.000301
22000,	0.000200,	0.000195,	0.000164,	0.000315
23000,	0.000224,	0.000214,	0.000174,	0.000336
24000,	0.000224,	0.000216,	0.000186,	0.000366
25000,	0.000236,	0.000228,	0.000205,	0.000385
26000,	0.000251,	0.000240,	0.000202,	0.000387
27000,	0.000270,	0.000247,	0.000261,	0.000445
28000,	0.000378,	0.000392,	0.000268,	0.000558
29000,	0.000306,	0.000293,	0.000258,	0.000491
30000,	0.000314,	0.000292,	0.000258,	0.000494
31000,	0.000336,	0.000311,	0.000302,	0.000560
32000,	0.000344,	0.000320,	0.000302,	0.000564
33000,	0.000378,	0.000351,	0.000325,	0.000613
34000,	0.000357,	0.000330,	0.000365,	0.000677
35000,	0.000413,	0.000376,	0.000375,	0.000674
36000,	0.000392,	0.000394,	0.000477,	0.000818
37000,	0.000439,	0.000414,	0.000455,	0.000788
38000,	0.000492,	0.000451,	0.000547,	0.001002
39000,	0.000492,	0.000456,	0.000502,	0.000835
40000,	0.000462,	0.000427,	0.000555,	0.000959
41000,	0.000519,	0.000483,	0.000659,	0.001008
42000,	0.000519,	0.000475,	0.000667,	0.001178
43000,	0.000543,	0.000505,	0.000623,	0.001070
44000,	0.000558,	0.000505,	0.000728,	0.001167
45000,	0.000589,	0.000567,	0.000700,	0.001173
46000,	0.000606,	0.000545,	0.000742,	0.001273
47000,	0.000660,	0.000617,	0.000873,	0.001366
48000,	0.000610,	0.000571,	0.000889,	0.001520
49000,	0.000679,	0.000610,	0.000931,	0.001341
50000,	0.000643,	0.000587,	0.001035,	0.001500
