set title "Comparaison des temps de recherche par AUTEUR"
set xlabel "Nbr livre"
set ylabel "Temps de recherche (s)"
plot "compareSearchByAutor.txt" using 1:2 title "ListeChainée_(_p_r_e_s_e_n_t_)_" with lines lc rgb "red" lw 1.2
set term png
set output "searchByAutor.png"
replot "compareSearchByAutor.txt" using 1:3 title "ListeChainée_(_a_b_s_e_n_t_)_" with lines lc rgb "orange" lw 1.2 ,"compareSearchByAutor.txt" using 1:4 title "TableHash_(_p_r_e_s_e_n_t_)_" with lines lc rgb "blue" lw 2.5 ,"compareSearchByAutor.txt" using 1:5 title "TableHash_(_a_b_s_e_n_t_)_" with lines lc rgb "green" lw 2
1000,	0.000007,	0.000007,	0.000001,	0.000001
2000,	0.000011,	0.000011,	0.000000,	0.000000
3000,	0.000018,	0.000018,	0.000001,	0.000000
4000,	0.000024,	0.000022,	0.000001,	0.000001
5000,	0.000030,	0.000029,	0.000001,	0.000001
6000,	0.000036,	0.000036,	0.000001,	0.000001
7000,	0.000045,	0.000045,	0.000001,	0.000001
8000,	0.000055,	0.000055,	0.000001,	0.000000
9000,	0.000065,	0.000071,	0.000001,	0.000001
10000,	0.000073,	0.000073,	0.000001,	0.000001
11000,	0.000080,	0.000080,	0.000001,	0.000001
12000,	0.000095,	0.000091,	0.000001,	0.000001
13000,	0.000099,	0.000099,	0.000001,	0.000001
14000,	0.000113,	0.000109,	0.000001,	0.000000
15000,	0.000116,	0.000116,	0.000001,	0.000001
16000,	0.000135,	0.000137,	0.000001,	0.000001
17000,	0.000155,	0.000142,	0.000001,	0.000001
18000,	0.000148,	0.000145,	0.000001,	0.000001
19000,	0.000159,	0.000157,	0.000001,	0.000001
20000,	0.000180,	0.000174,	0.000001,	0.000001
21000,	0.000179,	0.000176,	0.000001,	0.000001
22000,	0.000196,	0.000200,	0.000001,	0.000001
23000,	0.000201,	0.000200,	0.000001,	0.000001
24000,	0.000210,	0.000209,	0.000001,	0.000001
25000,	0.000229,	0.000226,	0.000001,	0.000001
26000,	0.000229,	0.000227,	0.000001,	0.000001
27000,	0.000248,	0.000239,	0.000001,	0.000001
28000,	0.000260,	0.000253,	0.000001,	0.000001
29000,	0.000278,	0.000277,	0.000002,	0.000001
30000,	0.000280,	0.000272,	0.000001,	0.000001
31000,	0.000320,	0.000292,	0.000002,	0.000002
32000,	0.000319,	0.000311,	0.000002,	0.000001
33000,	0.000327,	0.000317,	0.000002,	0.000001
34000,	0.000354,	0.000340,	0.000002,	0.000001
35000,	0.000356,	0.000340,	0.000001,	0.000001
36000,	0.000377,	0.000351,	0.000002,	0.000001
37000,	0.000514,	0.000462,	0.000002,	0.000002
38000,	0.000418,	0.000389,	0.000002,	0.000002
39000,	0.000470,	0.000434,	0.000002,	0.000002
40000,	0.000494,	0.000450,	0.000002,	0.000002
41000,	0.000484,	0.000444,	0.000002,	0.000002
42000,	0.000514,	0.000467,	0.000002,	0.000001
43000,	0.000623,	0.000550,	0.000002,	0.000002
44000,	0.000637,	0.000569,	0.000002,	0.000002
45000,	0.000638,	0.000563,	0.000002,	0.000002
46000,	0.000661,	0.000592,	0.000002,	0.000002
47000,	0.000945,	0.000829,	0.000003,	0.000003
48000,	0.000772,	0.000689,	0.000002,	0.000002
49000,	0.000874,	0.000767,	0.000002,	0.000002
50000,	0.000853,	0.000752,	0.000002,	0.000002
