set title "Comparaison des temps en fonction de la TAILLE DE LA TABLE DE HACHAGE"
set xlabel "Nbr livre"
set ylabel "Temps de recherche (s)"
plot "compareHashTableSize.txt" using 1:2 title "Table=_n_E_/_5_0" with lines lc rgb "red" lw 1.2
set term png
set output "hashTableSize.png"
replot "compareHashTableSize.txt" using 1:3 title "Table=_n_E_/_2_5_" with lines lc rgb "orange" lw 1.2 ,"compareHashTableSize.txt" using 1:4 title "Table=_n_E" with lines lc rgb "blue" lw 1.2 ,"compareHashTableSize.txt" using 1:5 title "Table=_4_*_n_E" with lines lc rgb "green" lw 1.2
100,	0.000001,	0.000001,	0.000001,	0.000001
600,	0.000001,	0.000001,	0.000001,	0.000001
1100,	0.000001,	0.000001,	0.000001,	0.000001
1600,	0.000002,	0.000001,	0.000001,	0.000001
2100,	0.000004,	0.000002,	0.000001,	0.000001
2600,	0.000003,	0.000001,	0.000001,	0.000001
3100,	0.000001,	0.000001,	0.000001,	0.000001
3600,	0.000006,	0.000004,	0.000001,	0.000001
4100,	0.000003,	0.000002,	0.000001,	0.000001
4600,	0.000002,	0.000002,	0.000001,	0.000001
5100,	0.000002,	0.000001,	0.000001,	0.000001
5600,	0.000002,	0.000001,	0.000001,	0.000001
6100,	0.000002,	0.000001,	0.000001,	0.000001
6600,	0.000002,	0.000001,	0.000001,	0.000001
7100,	0.000009,	0.000005,	0.000002,	0.000001
7600,	0.000003,	0.000001,	0.000001,	0.000001
8100,	0.000002,	0.000001,	0.000001,	0.000001
8600,	0.000004,	0.000002,	0.000001,	0.000001
9100,	0.000003,	0.000002,	0.000001,	0.000001
9600,	0.000003,	0.000002,	0.000001,	0.000001
10100,	0.000004,	0.000002,	0.000001,	0.000001
10600,	0.000004,	0.000002,	0.000001,	0.000001
11100,	0.000004,	0.000002,	0.000001,	0.000001
11600,	0.000004,	0.000002,	0.000001,	0.000001
12100,	0.000004,	0.000002,	0.000001,	0.000001
12600,	0.000004,	0.000002,	0.000001,	0.000001
13100,	0.000004,	0.000002,	0.000001,	0.000001
13600,	0.000004,	0.000002,	0.000001,	0.000001
14100,	0.000005,	0.000002,	0.000002,	0.000001
14600,	0.000005,	0.000003,	0.000002,	0.000001
15100,	0.000004,	0.000003,	0.000002,	0.000001
15600,	0.000005,	0.000003,	0.000001,	0.000001
16100,	0.000005,	0.000003,	0.000002,	0.000001
16600,	0.000004,	0.000003,	0.000001,	0.000001
17100,	0.000005,	0.000003,	0.000002,	0.000002
17600,	0.000005,	0.000003,	0.000002,	0.000001
18100,	0.000005,	0.000003,	0.000002,	0.000001
18600,	0.000005,	0.000003,	0.000002,	0.000001
19100,	0.000005,	0.000003,	0.000002,	0.000001
19600,	0.000005,	0.000003,	0.000002,	0.000001
20100,	0.000004,	0.000003,	0.000002,	0.000001
20600,	0.000005,	0.000003,	0.000002,	0.000002
21100,	0.000005,	0.000003,	0.000002,	0.000001
21600,	0.000005,	0.000003,	0.000002,	0.000002
22100,	0.000006,	0.000003,	0.000002,	0.000002
22600,	0.000005,	0.000003,	0.000002,	0.000002
23100,	0.000005,	0.000003,	0.000002,	0.000002
23600,	0.000006,	0.000003,	0.000003,	0.000002
24100,	0.000006,	0.000004,	0.000003,	0.000003
24600,	0.000005,	0.000003,	0.000002,	0.000002
25100,	0.000005,	0.000003,	0.000002,	0.000002
25600,	0.000005,	0.000003,	0.000002,	0.000002
26100,	0.000012,	0.000006,	0.000004,	0.000004
26600,	0.000005,	0.000003,	0.000003,	0.000003
27100,	0.000005,	0.000003,	0.000003,	0.000002
27600,	0.000005,	0.000003,	0.000003,	0.000002
28100,	0.000008,	0.000005,	0.000004,	0.000004
28600,	0.000005,	0.000003,	0.000003,	0.000003
29100,	0.000005,	0.000003,	0.000002,	0.000001
29600,	0.000005,	0.000003,	0.000002,	0.000002
30100,	0.000006,	0.000004,	0.000003,	0.000003
30600,	0.000006,	0.000004,	0.000003,	0.000003
31100,	0.000005,	0.000003,	0.000003,	0.000002
31600,	0.000005,	0.000003,	0.000003,	0.000002
32100,	0.000005,	0.000003,	0.000003,	0.000002
32600,	0.000005,	0.000003,	0.000003,	0.000002
33100,	0.000006,	0.000003,	0.000003,	0.000003
33600,	0.000005,	0.000003,	0.000003,	0.000003
34100,	0.000005,	0.000003,	0.000003,	0.000003
34600,	0.000006,	0.000004,	0.000003,	0.000003
35100,	0.000006,	0.000003,	0.000003,	0.000003
35600,	0.000005,	0.000003,	0.000003,	0.000003
36100,	0.000006,	0.000004,	0.000004,	0.000003
36600,	0.000006,	0.000004,	0.000004,	0.000004
37100,	0.000006,	0.000004,	0.000004,	0.000004
37600,	0.000005,	0.000004,	0.000003,	0.000003
38100,	0.000006,	0.000003,	0.000004,	0.000003
38600,	0.000006,	0.000004,	0.000004,	0.000004
39100,	0.000005,	0.000004,	0.000004,	0.000003
39600,	0.000009,	0.000007,	0.000005,	0.000005
40100,	0.000006,	0.000004,	0.000004,	0.000004
40600,	0.000007,	0.000005,	0.000004,	0.000004
41100,	0.000006,	0.000004,	0.000004,	0.000004
41600,	0.000005,	0.000004,	0.000004,	0.000003
42100,	0.000007,	0.000005,	0.000005,	0.000004
42600,	0.000005,	0.000004,	0.000003,	0.000003
43100,	0.000005,	0.000004,	0.000004,	0.000003
43600,	0.000005,	0.000004,	0.000004,	0.000004
44100,	0.000005,	0.000004,	0.000004,	0.000003
44600,	0.000009,	0.000007,	0.000006,	0.000005
45100,	0.000005,	0.000004,	0.000004,	0.000004
45600,	0.000005,	0.000004,	0.000004,	0.000003
46100,	0.000006,	0.000004,	0.000004,	0.000004
46600,	0.000005,	0.000005,	0.000004,	0.000004
47100,	0.000006,	0.000004,	0.000004,	0.000004
47600,	0.000005,	0.000004,	0.000004,	0.000004
48100,	0.000006,	0.000005,	0.000005,	0.000004
48600,	0.000005,	0.000004,	0.000004,	0.000004
49100,	0.000006,	0.000004,	0.000004,	0.000004
49600,	0.000006,	0.000004,	0.000004,	0.000003
